100 208
101 33
102 698
103 35
104 188
105 60
106 194
107 39
108 730
109 40
110 331
111 52
112 259
113 40
114 1078
115 45
116 224
117 59
118 226
119 45
120 2174
121 39
122 228
123 61
124 217
125 47
126 1318
127 45
128 211
129 54
130 355
131 40
132 1321
133 48
134 275
135 67
136 229
137 45
138 1091
139 49
140 474
141 56
142 268
143 48
144 1138
145 51
146 256
147 68
148 241
149 43
150 2885
151 48
152 300
153 70
154 382
155 51
156 1507
157 50
158 314
159 64
160 423
161 55
162 1335
163 54
164 328
165 79
166 265
167 52
168 2471
169 54
170 515
171 73
172 332
173 57
174 1710
175 61
176 365
177 70
178 329
179 53
180 4433
181 57
182 476
183 72
184 389
185 61
186 2030
187 61
188 390
189 79
190 505
191 60
192 1781
193 59
194 396
195 87
196 475
197 57
198 2829
199 65
200 630
201 80
202 438
203 67
204 2673
205 69
206 443
207 77
208 478
209 64
210 11975
211 59
212 447
213 85
214 432
215 71
216 2381
217 69
218 434
219 80
220 690
221 64
222 2231
223 65
224 588
225 97
226 376
227 65
228 2642
229 66
230 716
231 98
232 455
233 67
234 3410
235 69
236 478
237 87
238 642
239 71
240 7365
241 72
242 561
243 88
244 532
245 81
246 3000
247 77
248 550
249 84
250 734
251 71
252 5107
253 76
254 506
255 106
256 501
257 71
258 3331
259 81
260 862
261 90
262 497
263 73
264 4198
265 84
266 733
267 100
268 565
269 73
270 9219
271 78
272 657
273 109
274 603
275 85
276 3654
277 81
278 616
279 102
280 1160
281 79
282 3876
283 80
284 672
285 122
286 835
287 85
288 3612
289 88
290 954
291 104
292 633
293 82
294 7480
295 92
296 680
297 115
298 707
299 82
300 11815
301 93
302 694
303 106
304 740
305 88
306 4475
307 86
308 1023
309 101
310 1029
311 81
312 5288
313 91
314 702
315 135
316 728
317 93
318 5294
319 89
320 1077
321 111
322 1031
323 90
324 4718
325 94
326 780
327 116
328 734
329 90
330 19861
331 85
332 825
333 113
334 758
335 99
336 8274
337 90
338 876
339 114
340 1185
341 88
342 5609
343 96
344 789
345 133
346 733
347 88
348 5175
349 94
350 1519
351 117
352 895
353 96
354 5536
355 100
356 835
357 133
358 836
359 92
360 16306
361 97
362 896
363 126
364 1152
365 103
366 5437
367 97
368 901
369 128
370 1257
371 100
372 6171
373 98
374 1039
375 142
376 874
377 105
378 10213
379 103
380 1342
381 116
382 900
383 100
384 6460
385 119
386 936
387 125
388 888
389 102
390 28319
391 102
392 1223
393 129
394 953
395 111
396 8456
397 104
398 1015
399 139
400 1369
401 100
402 6984
403 109
404 1001
405 139
406 1332
407 111
408 8068
409 107
410 1454
411 131
412 1027
413 105
414 7926
415 113
416 1146
417 133
418 1162
419 106