2 0
3 1
4 3
5 5
6 5
7 7
8 19
9 7
10 9
11 6
12 25
13 11
14 22
15 16
16 18
17 12
18 54
19 12
20 48
21 18
22 33
23 13
24 103
25 16
26 27
27 20
28 50
29 13
30 161
31 14
32 66
33 27
34 47
35 19
36 109
37 18
38 67
39 22
40 70
41 15
42 226
43 22
44 82
45 33
46 67
47 24
48 261
49 26
50 137
51 29
52 89
53 23
54 273
55 29
56 102
57 31
58 82
59 24
60 546
61 26
62 119
63 37
64 110
65 29
66 365
67 29
68 127
69 37
70 160
71 25
72 429
73 28
74 138
75 42
76 137
77 33
78 501
79 30
80 206
81 39
82 139
83 32
84 912
85 38
86 136
87 42
88 165
89 33
90 1455
91 35
92 164
93 47
94 141
95 36
96 608
97 36
98 198
99 43
100 208
101 33
102 698
103 35
104 188
105 60
106 194
107 39
108 730
109 40
110 331
111 52
112 259
113 40
114 1078
115 45
116 224
117 59
118 226
119 45
120 2174
121 39
122 228
123 61
124 217
125 47
126 1318
127 45
128 211
129 54
130 355
131 40
132 1321
133 48
134 275
135 67
136 229
137 45
138 1091
139 49
140 474
141 56
142 268
143 48
144 1138
145 51
146 256
147 68
148 241
149 43
150 2885
151 48
152 300
153 70
154 382
155 51
156 1507
157 50
158 314
159 64
160 423
161 55
162 1335
163 54
164 328
165 79
166 265
167 52
168 2471
169 54
170 515
171 73
172 332
173 57
174 1710
175 61
176 365
177 70
178 329
179 53
180 4433
181 57
182 476
183 72
184 389
185 61
186 2030
187 61
188 390
189 79
190 505
191 60
192 1781
193 59
194 396
195 87
196 475
197 57
198 2829
199 65
200 630
201 80
202 438
203 67
204 2673
205 69
206 443
207 77
208 478
209 64
210 11975
211 59
212 447
213 85
214 432
215 71
216 2381
217 69
218 434
219 80
220 690
221 64
222 2231
223 65
224 588
225 97
226 376
227 65
228 2642
229 66
230 716
231 98
232 455
233 67
234 3410
235 69
236 478
237 87
238 642
239 71
240 7365
241 72
242 561
243 88
244 532
245 81
246 3000
247 77
248 550
249 84
250 734
251 71
252 5107
253 76
254 506
255 106
256 501
257 71
258 3331
259 81
260 862
261 90
262 497
263 73
264 4198
265 84
266 733
267 100
268 565
269 73
270 9219
271 78
272 657
273 109
274 603
275 85
276 3654
277 81
278 616
279 102
280 1160
281 79
282 3876
283 80
284 672
285 122
286 835
287 85
288 3612
289 88
290 954
291 104
292 633
293 82
294 7480
295 92
296 680
297 115
298 707
299 82
300 11815
301 93
302 694
303 106
304 740
305 88
306 4475
307 86
308 1023
309 101
310 1029
311 81
312 5288
313 91
314 702
315 135
316 728
317 93
318 5294
319 89
320 1077
321 111
322 1031
323 90
324 4718
325 94
326 780
327 116
328 734
329 90
330 19861
331 85
332 825
333 113
334 758
335 99
336 8274
337 90
338 876
339 114
340 1185
341 88
342 5609
343 96
344 789
345 133
346 733
347 88
348 5175
349 94
350 1519
351 117
352 895
353 96
354 5536
355 100
356 835
357 133
358 836
359 92
360 16306
361 97
362 896
363 126
364 1152
365 103
366 5437
367 97
368 901
369 128
370 1257
371 100
372 6171
373 98
374 1039
375 142
376 874
377 105
378 10213
379 103
380 1342
381 116
382 900
383 100
384 6460
385 119
386 936
387 125
388 888
389 102
390 28319
391 102
392 1223
393 129
394 953
395 111
396 8456
397 104
398 1015
399 139
400 1369
401 100
402 6984
403 109
404 1001
405 139
406 1332
407 111
408 8068
409 107
410 1454
411 131
412 1027
413 105
414 7926
415 113
416 1146
417 133
418 1162
419 106
420 51677
421 108
422 1097
423 141
424 1079
425 122
426 7514
427 116
428 1084
429 139
430 1487
431 103
432 7187
433 106
434 1376
435 160
436 1115
437 120
438 7583
439 115
440 1836
441 154
442 1207
443 114
444 8603
445 120
446 1157
447 140
448 1384
449 110
450 27108
451 116
452 1216
453 140
454 1179
455 132
456 9380
457 112
458 1230
459 150
460 1690
461 119
462 22256
463 114
464 1307
465 166
466 1181
467 116
468 12490
469 129
470 1800
471 144
472 1267
473 123
474 9517
475 127
476 1690
477 144
478 1205
479 120
480 31064
481 122
482 1319
483 161
484 1453
485 127
486 9136
487 119
488 1316
489 152
490 2355
491 117
492 10833
493 126
494 1554
495 185
496 1343
497 129
498 9967
499 127
500 1918
501 161
502 1335
503 122
504 19193
505 135
506 1576
507 165
508 1364
509 125
510 44603
511 139
512 1475
513 159
514 1461
515 134
516 11184
517 130
518 1836
519 150
520 2203
521 123
522 12023
523 132
524 1428
525 195
526 1435
527 134
528 15309
529 133
530 2130
531 155
532 1976
533 131
534 11469
535 139
536 1473
537 153
538 1445
539 131
540 34776
541 127
542 1457
543 167
544 1554
545 137
546 27016
547 127
548 1500
549 161
550 2515
551 133
552 12964
553 137
554 1513
555 189
556 1425
557 137
558 12484
559 134
560 2794
561 179
562 1464
563 138
564 12917
565 145
566 1529
567 185
568 1545
569 132
570 47594
571 140
572 2018
573 168
574 2052
575 147
576 11934
577 136
578 1759
579 168
580 2316
581 138
582 12980
583 141
584 1606
585 191
586 1525
587 140
588 24260
589 147
590 2342
591 171
592 1725
593 140
594 17721
595 166
596 1666
597 167
598 1885
599 135
600 43226
601 142
602 2104
603 184
604 1764
605 158
606 13427
607 148
608 1865
609 195
610 2606
611 147
612 17252
613 146
614 1796
615 203
616 2436
617 145
618 14630
619 146
620 2708
621 181
622 1825
623 155
624 20066
625 161
626 1816
627 198
628 1859
629 148
630 124034
631 152
632 1881
633 180
634 1873
635 160
636 16219
637 158
638 2149
639 179
640 2625
641 144
642 15538
643 156
644 2475
645 210
646 2145
647 149
648 16629
649 160
650 3092
651 201
652 1966
653 147
654 16728
655 166
656 2020
657 193
658 2524
659 144
660 90298
661 154
662 2075
663 197
664 2072
665 173
666 19052
667 153
668 2046
669 192
670 2864
671 159
672 32353
673 156
674 2056
675 215
676 2214
677 157
678 18436
679 165
680 3317
681 189
682 2381
683 158
684 22387
685 172
686 2652
687 193
688 2184
689 160
690 75427
691 162
692 2150
693 231
694 2192
695 171
696 20998
697 162
698 2208
699 190
700 3881
701 161
702 25054
703 171
704 2474
705 229
706 2154
707 172
708 19497
709 164
710 3247
711 209
712 2227
713 176
714 46274
715 192
716 2206
717 202
718 2182
719 162
720 66507
721 181
722 2417
723 210
724 2344
725 168
726 26852
727 160
728 3118
729 198
730 3323
731 164
732 20690
733 163
734 2288
735 252
736 2385
737 169
738 21549
739 167
740 3359
741 221
742 2878
743 170
744 23104
745 181
746 2348
747 212
748 2928
749 175
750 73343
751 172
752 2453
753 216
754 2684
755 187
756 39342
757 168
758 2498
759 221
760 3741
761 168
762 22997
763 187
764 2476
765 239
766 2502
767 178
768 22214
769 179
770 5547
771 220
772 2391
773 176
774 24859
775 192
776 2570
777 235
778 2507
779 172
780 120015
781 180
782 2896
783 226
784 3105
785 185
786 22769
787 180
788 2578
789 217
790 3733
791 181
792 33555
793 181
794 2565
795 250
796 2422
797 184
798 55448
799 182
800 3702
801 212
802 2623
803 189
804 24866
805 204
806 2933
807 226
808 2509
809 169
810 83315
811 185
812 3366
813 222
814 3119
815 191
816 30144
817 185
818 2547
819 252
820 3723
821 180
822 23876
823 184
824 2694
825 274
826 3252
827 187
828 30024
829 183
830 3911
831 223
832 3070
833 200
834 27296
835 199
836 3310
837 243
838 2694
839 181
840 245196
841 194
842 2874
843 230
844 2833
845 209
846 28331
847 213
848 2881
849 223
850 4314
851 187
852 27114
853 191
854 3519
855 253
856 2755
857 182
858 53241
859 195
860 4255
861 250
862 2823
863 186
864 27771
865 209
866 2886
867 245
868 3797
869 196
870 118865
871 196
872 3047
873 241
874 3234
875 208
876 29182
877 191
878 2912
879 238
880 4830
881 184
882 54296
883 191
884 3633
885 263
886 2926
887 199
888 33851
889 205
890 4346
891 252
892 3127
893 199
894 31509
895 208
896 3916
897 258
898 3066
899 203
900 108248
901 203
902 3611
903 275
904 3044
905 214
906 29057
907 196
908 3108
909 236
910 6312
911 197
912 38240
913 202
914 3145
915 277
916 3140
917 214
918 37790
919 201
920 4757
921 250
922 3094
923 207
924 93068
925 221
926 3160
927 256
928 3221
929 210
930 133533
931 219
932 3171
933 253
934 3135
935 226
936 40739
937 204
938 4119
939 240
940 4764
941 199
942 33849
943 210
944 3316
945 309
946 3687
947 198
948 34473
949 205
950 5018
951 260
952 4325
953 206
954 36320
955 223
956 3341
957 269
958 3383
959 214
960 122290
961 209
962 3808
963 260
964 3309
965 222
966 74705
967 206
968 3871
969 263
970 4835
971 213
972 34319
973 216
974 3384
975 295
976 3339
977 213
978 37087
979 214
980 6325
981 264
982 3330
983 211
984 40306
985 232
986 3959
987 284
988 4068
989 208
990 212657
991 209
992 3697
993 266
994 4383
995 227
996 36501
997 223
998 3572
999 267
1000 5135
1001 234
1002 36952
1003 219
1004 3566
1005 288
1006 3526
1007 218
1008 72131
1009 205
1010 5065
1011 264
1012 4249
1013 224
1014 51360
1015 242
1016 3527
1017 265
1018 3544
1019 214
1020 186633
1021 218
1022 4614
1023 283
1024 3710
1025 234
1026 48111
1027 223
1028 3785
1029 297
1030 5300
1031 217
1032 41399
1033 223
1034 4337
1035 313
1036 4773
1037 226
1038 40456
1039 226
1040 6138
1041 274
1042 3744
1043 230
1044 45205
1045 255
1046 3802
1047 280
1048 3764
1049 214
1050 408325
1051 224
1052 3838
1053 282
1054 4382
1055 249
1056 59788
1057 239
1058 4107
1059 272
1060 5585
1061 223
1062 44205
1063 225
1064 5396
1065 318
1066 4440
1067 238
1068 45334
1069 242
1070 5759
1071 310
1072 4019
1073 236
1074 44526
1075 247
1076 4042
1077 290
1078 5677
1079 231
1080 158509
1081 229
1082 4010
1083 280
1084 3914
1085 253
1086 43985
1087 233
1088 4282
1089 287
1090 5769
1091 235
1092 122259
1093 222
1094 4152
1095 331
1096 4116
1097 231
1098 48538
1099 248
1100 6916
1101 282
1102 4539
1103 234
1104 54837
1105 264
1106 5085
1107 280
1108 4098
1109 235
1110 201255
1111 231
1112 4254
1113 313
1114 4308
1115 255
1116 52244
1117 245
1118 4843
1119 297
1120 7865
1121 241
1122 85724
1123 242
1124 4365
1125 335
1126 4213
1127 252
1128 50942
1129 247
1130 6356
1131 308
1132 4485
1133 254
1134 98148
1135 255
1136 4397
1137 296
1138 4372
1139 247
1140 240054
1141 246
1142 4396
1143 292
1144 5451
1145 256
1146 49848
1147 245
1148 5616
1149 298
1150 6419
1151 240
1152 48658
1153 239
1154 4396
1155 384
1156 4723
1157 252
1158 51478
1159 247
1160 6675
1161 297
1162 5411
1163 239
1164 51917
1165 260
1166 5162
1167 290
1168 4625
1169 256
1170 284272
1171 247
1172 4502
1173 308
1174 4569
1175 261
1176 104930
1177 248
1178 5129
1179 298
1180 6645
1181 248
1182 53399
1183 261
1184 4705
1185 341
1186 4472
1187 244
1188 76224
1189 254
1190 9145
1191 303
1192 4471
1193 250
1194 53793
1195 258
1196 5413
1197 329
1198 4709
1199 254
1200 197228
1201 243
1202 4618
1203 308
1204 5928
1205 264
1206 56000
1207 261
1208 4749
1209 318
1210 7681
1211 258
1212 55070
1213 245
1214 4643
1215 349
1216 4795
1217 243
1218 125850
1219 252
1220 6786
1221 317
1222 5334
1223 254
1224 68430
1225 277
1226 4702
1227 297
1228 4783
1229 247
1230 233785
1231 262
1232 6836
1233 312
1234 4888
1235 282
1236 58052
1237 257
1238 4974
1239 339
1240 7229
1241 257
1242 69098
1243 266
1244 5013
1245 350
1246 6094
1247 258
1248 78243
1249 262
1250 7023
1251 306
1252 5113
1253 264
1254 102867
1255 285
1256 4946
1257 318
1258 5516
1259 264
1260 640864
1261 268
1262 5062
1263 322
1264 5158
1265 285
1266 60957
1267 270
1268 4985
1269 321
1270 7147
1271 255
1272 63841
1273 272
1274 6972
1275 352
1276 5762
1277 253
1278 60478
1279 253
1280 7331
1281 338
1282 4980
1283 257
1284 63169
1285 288
1286 5211
1287 352
1288 6577
1289 264
1290 256802
1291 259
1292 5918
1293 327
1294 5206
1295 296
1296 62247
1297 271
1298 6021
1299 323
1300 8224
1301 270
1302 142441
1303 277
1304 5359
1305 385
1306 5256
1307 268
1308 70293
1309 291
1310 7602
1311 340
1312 5597
1313 277
1314 70026
1315 297
1316 6817
1317 331
1318 5374
1319 269
1320 432990
1321 273
1322 5403
1323 365
1324 5456
1325 286
1326 114351
1327 282
1328 5670
1329 338
1330 11091
1331 270
1332 76217
1333 283
1334 6056
1335 375
1336 5612
1337 284
1338 68673
1339 283
1340 7977
1341 337
1342 6383
1343 283
1344 139193
1345 302
1346 5521
1347 335
1348 5583
1349 275
1350 265593
1351 291
1352 6027
1353 361
1354 5525
1355 290
1356 68757
1357 289
1358 6842
1359 332
1360 8333
1361 271
1362 69322
1363 283
1364 6599
1365 421
1366 5423
1367 273
1368 85046
1369 286
1370 8015
1371 338
1372 7015
1373 278
1374 72103
1375 300
1376 5890
1377 344
1378 6531
1379 290
1380 337572
1381 278
1382 5746
1383 331
1384 5650
1385 308
1386 223013
1387 290
1388 5667
1389 327
1390 8224
1391 278
1392 79433
1393 292
1394 6366
1395 387
1396 5659
1397 285
1398 70012
1399 290
1400 10507
1401 333
1402 5719
1403 285
1404 98197
1405 293
1406 6337
1407 360
1408 6446
1409 278
1410 310829
1411 281
1412 5827
1413 354
1414 7309
1415 296
1416 76137
1417 288
1418 5807
1419 354
1420 8178
1421 287
1422 73139
1423 273
1424 5686
1425 394
1426 6134
1427 279
1428 189226
1429 286
1430 10788
1431 350
1432 5803
1433 288
1434 77310
1435 328
1436 5890
1437 349
1438 5872
1439 282
1440 306023
1441 287
1442 7455
1443 369
1444 6422
1445 307
1446 75220
1447 297
1448 6073
1449 387
1450 9004
1451 281
1452 110625
1453 290
1454 6252
1455 396
1456 8518
1457 294
1458 78021
1459 292
1460 9004
1461 360
1462 6866
1463 315
1464 85226
1465 318
1466 6278
1467 358
1468 6325
1469 293
1470 881903
1471 297
1472 6543
1473 352
1474 7218
1475 316
1476 87995
1477 308
1478 6239
1479 365
1480 9155
1481 297
1482 132476
1483 300
1484 8097
1485 409
1486 6258
1487 295
1488 93056
1489 294
1490 9271
1491 383
1492 6302
1493 296
1494 89934
1495 337
1496 7822
1497 371
1498 7950
1499 300
1500 349114
1501 299
1502 6569
1503 356
1504 6619
1505 331
1506 88074
1507 311
1508 7555
1509 367
1510 9313
1511 297
1512 177538
1513 305
1514 6608
1515 404
1516 6554
1517 301
1518 149984
1519 323
1520 10073
1521 373
1522 6510
1523 305
1524 90041
1525 332
1526 8233
1527 361
1528 6736
1529 311
1530 461042
1531 305
1532 6674
1533 391
1534 7474
1535 321
1536 90005
1537 309
1538 6767
1539 386
1540 14230
1541 305
1542 89821
1543 300
1544 6782
1545 416
1546 6841
1547 328
1548 95579
1549 305
1550 10047
1551 392
1552 6734
1553 300
1554 207000
1555 322
1556 6754
1557 375
1558 7321
1559 308
1560 561136
1561 316
1562 7923
1563 370
1564 7695
1565 323
1566 104157
1567 316
1568 8658
1569 364
1570 9875
1571 299
1572 98896
1573 331
1574 6994
1575 450
1576 7034
1577 318
1578 94319
1579 316
1580 10060
1581 404
1582 8642
1583 310
1584 140341
1585 342
1586 7975
1587 393
1588 7074
1589 320
1590 416566
1591 320
1592 7180
1593 382
1594 7028
1595 334
1596 239883
1597 318
1598 7832
1599 395
1600 10171
1601 321
1602 103321
1603 327
1604 7128
1605 435
1606 8090
1607 316
1608 103219
1609 317
1610 14195
1611 391
1612 8253
1613 321
1614 102364
1615 359
1616 7419
1617 428
1618 7196
1619 313
1620 403824
1621 323
1622 7478
1623 387
1624 9696
1625 353
1626 103775
1627 332
1628 8636
1629 391
1630 10559
1631 337
1632 132335
1633 332
1634 8190
1635 440
1636 7454
1637 315
1638 311090
1639 340
1640 11292
1641 397
1642 7643
1643 322
1644 109257
1645 372
1646 7464
1647 394
1648 7607
1649 321
1650 727148
1651 337
1652 9489
1653 415
1654 7539
1655 359
1656 121303
1657 335
1658 7473
1659 420
1660 11074
1661 324
1662 106748
1663 330
1664 8446
1665 467
1666 10290
1667 328
1668 108963
1669 333
1670 10976
1671 410
1672 9467
1673 348
1674 125093
1675 354
1676 7821
1677 428
1678 7799
1679 322
1680 1285799
1681 336
1682 7872
1683 423
1684 7887
1685 347
1686 108159
1687 347
1688 7809
1689 387
1690 12470
1691 336
1692 114982
1693 343
1694 11116
1695 447
1696 7840
1697 344
1698 111441
1699 332
1700 12368
1701 443
1702 8644
1703 331
1704 118015
1705 365
1706 7812
1707 404
1708 9823
1709 328
1710 612807
1711 334
1712 8058
1713 414
1714 7951
1715 374
1716 228549
1717 348
1718 7962
1719 401
1720 11276
1721 335
1722 256225
1723 344
1724 8154
1725 459
1726 8159
1727 347
1728 118124
1729 369
1730 11534
1731 410
1732 8028
1733 335
1734 145410
1735 358
1736 10649
1737 407
1738 9345
1739 337
1740 558343
1741 335
1742 9194
1743 462
1744 8177
1745 358
1746 118003
1747 345
1748 9320
1749 430
1750 15084
1751 341
1752 121693
1753 350
1754 8356
1755 492
1756 8340
1757 361
1758 117835
1759 338
1760 13780
1761 417
1762 8428
1763 346
1764 251245
1765 366
1766 8397
1767 438
1768 9855
1769 348
1770 536341
1771 369
1772 8276
1773 411
1774 8211
1775 369
1776 131855
1777 349
1778 10461
1779 411
1780 12199
1781 342
1782 176001
1783 350
1784 8609
1785 530
1786 8990
1787 351
1788 123194
1789 347
1790 12222
1791 427
1792 10668
1793 360
1794 203793
1795 366
1796 8552
1797 412
1798 9164
1799 362
1800 512182
1801 353
1802 9493
1803 415
1804 9955
1805 380
1806 289505
1807 357
1808 8873
1809 401
1810 12186
1811 346
1812 130105
1813 374
1814 8740
1815 491
1816 8662
1817 358
1818 133406
1819 354
1820 17764
1821 408
1822 8607
1823 350
1824 155678
1825 379
1826 9836
1827 478
1828 8819
1829 359
1830 562961
1831 344
1832 8867
1833 445
1834 10855
1835 383
1836 163523
1837 361
1838 8841
1839 428
1840 13070
1841 367
1842 130868
1843 361
1844 8738
1845 486
1846 9586
1847 363
1848 427551
1849 359
1850 13164
1851 419
1852 8853
1853 367
1854 135294
1855 392
1856 9226
1857 436
1858 8823
1859 367
1860 611902
1861 357
1862 11760
1863 424
1864 8710
1865 381
1866 131587
1867 355
1868 8876
1869 458
1870 15714
1871 357
1872 181088
1873 355
1874 8915
1875 495
1876 11275
1877 364
1878 135922
1879 361
1880 13195
1881 458
1882 9234
1883 371
1884 141757
1885 394
1886 9666
1887 454
1888 9132
1889 361
1890 1713293
1891 359
1892 10671
1893 452
1894 9200
1895 390
1896 145687
1897 378
1898 10393
1899 436
1900 13996
1901 368
1902 141915
1903 376
1904 12243
1905 497
1906 9186
1907 361
1908 149150
1909 364
1910 13285
1911 493
1912 9398
1913 367
1914 240416
1915 388
1916 9380
1917 457
1918 11650
1919 370
1920 599339
1921 376
1922 9808
1923 442
1924 10523
1925 420
1926 145453
1927 365
1928 9572
1929 440
1930 13261
1931 370
1932 349143
1933 367
1934 9521
1935 508
1936 10759
1937 372
1938 224080
1939 376
1940 13775
1941 441
1942 9400
1943 372
1944 150256
1945 392
1946 11624
1947 474
1948 9368
1949 365
1950 932401
1951 366
1952 9907
1953 495
1954 9712
1955 406
1956 150280
1957 383
1958 10926
1959 456
1960 17188
1961 377
1962 152370
1963 382
1964 9584
1965 489
1966 9622
1967 392
1968 160446
1969 375
1970 13329
1971 456
1972 10446
1973 373
1974 332551
1975 400
1976 11526
1977 457
1978 10448
1979 371
1980 1085402
1981 387
1982 9671
1983 457
1984 9901
1985 391
1986 148915
1987 375
1988 12198
1989 467
1990 14086
1991 385
1992 155366
1993 368
1994 9717
1995 563
1996 9810
1997 377
1998 165817
1999 377
2000 13970
2001 476
2002 15291
2003 375
2004 159464
2005 403
2006 10887
2007 462
2008 10111
2009 396
2010 692494
2011 387
2012 10134
2013 481
2014 10875
2015 410
2016 323418
2017 374
2018 10062
2019 453
2020 14822
2021 387
2022 159773
2023 406
2024 11954
2025 523
2026 9749
2027 379
2028 215112
2029 377
2030 19382
2031 450
2032 10471
2033 392
2034 167366
2035 419
2036 10195
2037 508
2038 10086
2039 382
2040 946932
2041 398
2042 10324
2043 474
2044 12937
2045 405
2046 269146
2047 388
2048 10411
2049 464
2050 15239
2051 407
2052 196156
2053 389
2054 11430
2055 520
2056 10338
2057 400
2058 340362
2059 393
2060 14950
2061 477
2062 10226
2063 387
2064 179438
2065 444
2066 10516
2067 493
2068 11765
2069 388
2070 881707
2071 397
2072 13554
2073 470
2074 11345
2075 413
2076 167451
2077 389
2078 10453
2079 507
2080 16522
2081 389
2082 163491
2083 396
2084 10548
2085 536
2086 13044
2087 397
2088 191777
2089 384
2090 18683
2091 494
2092 10643
2093 427
2094 176065
2095 425
2096 10654
2097 483
2098 10605
2099 390
2100 2201781
2101 402
2102 11045
2103 466
2104 10978
2105 424
2106 237587
2107 416
2108 12152
2109 501
2110 15010
2111 398
2112 253314
2113 397
2114 13353
2115 538
2116 11331
2117 405
2118 177805
2119 407
2120 15873
2121 513
2122 10979
2123 418
2124 187341
2125 436
2126 10883
2127 498
2128 14305
2129 396
2130 791004
2131 396
2132 12429
2133 475
2134 12355
2135 447
2136 182622
2137 398
2138 10930
2139 494
2140 15578
2141 401
2142 489880
2143 409
2144 11466
2145 592
2146 11917
2147 406
2148 186797
2149 418
2150 16010
2151 485
2152 11001
2153 402
2154 186630
2155 436
2156 15883
2157 488
2158 12642
2159 416
2160 794887
2161 409
2162 12379
2163 517
2164 11326
2165 433
2166 229115
2167 415
2168 11161
2169 472
2170 21263
2171 415
2172 188206
2173 413
2174 11437
2175 559
2176 12108
2177 429
2178 272159
2179 408
2180 16432
2181 484
2182 11349
2183 411
2184 574629
2185 452
2186 11418
2187 510
2188 11511
2189 414
2190 845470
2191 419
2192 11517
2193 504
2194 11294
2195 438
2196 195721
2197 411
2198 13967
2199 507
2200 18370
2201 408
2202 186684
2203 407
2204 12653
2205 591
2206 11228
2207 408
2208 221596
2209 413
2210 19910
2211 503
2212 14328
2213 407
2214 208205
2215 443
2216 11724
2217 503
2218 11578
2219 428
2220 916322
2221 402
2222 13238
2223 529
2224 11736
2225 436
2226 442655
2227 431
2228 11583
2229 489
2230 16614
2231 408
2232 215198
2233 454
2234 11579
2235 557
2236 12781
2237 406
2238 192503
2239 424
2240 21304
2241 505
2242 12569
2243 408
2244 372493
2245 448
2246 11703
2247 535
2248 11784
2249 419
2250 843951
2251 417
2252 11919
2253 499
2254 15431
2255 445
2256 213446
2257 420
2258 11889
2259 498
2260 17189
2261 435
2262 311049
2263 425
2264 11906
2265 558
2266 13238
2267 418
2268 422776
2269 415
2270 17149
2271 510
2272 12035
2273 423
2274 204479
2275 487
2276 12189
2277 533
2278 13111
2279 431
2280 1155381
2281 428
2282 15147
2283 508
2284 12091
2285 449
2286 207349
2287 431
2288 15451
2289 554
2290 17347
2291 430
2292 207985
2293 413
2294 12915
2295 606
2296 15709
2297 422
2298 208592
2299 448
2300 18413
2301 525
2302 12189
2303 448
2304 212421
2305 452
2306 12247
2307 518
2308 12057
2309 428
2310 5475955
2311 428
2312 13423
2313 526
2314 13835
2315 455
2316 218817
2317 444
2318 13608
2319 525
2320 18408
2321 427
2322 228379
2323 434
2324 15676
2325 595
2326 12475
2327 428
2328 222707
2329 420
2330 17711
2331 544
2332 14233
2333 436
2334 215338
2335 453
2336 12394
2337 552
2338 15454
2339 422
2340 1448088
2341 425
2342 12746
2343 538
2344 12514
2345 480
2346 318678
2347 436
2348 12565
2349 531
2350 17969
2351 433
2352 464667
2353 442
2354 14665
2355 588
2356 13783
2357 430
2358 232977
2359 456
2360 18775
2361 526
2362 12724
2363 442
2364 226443
2365 486
2366 17679
2367 520
2368 13103
2369 436
2370 1016950
2371 438
2372 13041
2373 554
2374 12879
2375 458
2376 328457
2377 445
2378 13928
2379 546
2380 25934
2381 433
2382 228463
2383 446
2384 13154
2385 603
2386 13106
2387 475
2388 232048
2389 433
2390 18960
2391 529
2392 15035
2393 435
2394 622839
2395 467
2396 13223
2397 543
2398 14941
2399 438
2400 1021454
2401 456
2402 13354
2403 533
2404 13309
2405 492
2406 236290
2407 446
2408 17053
2409 557
2410 18798
2411 447
2412 247900
2413 452
2414 14695
2415 660
2416 13346
2417 438
2418 373304
2419 451
2420 21811
2421 547
2422 16598
2423 448
2424 252351
2425 476
2426 13459
2427 546
2428 13430
2429 472
2430 1052009
2431 474
2432 14375
2433 533
2434 13522
2435 474
2436 579493
2437 455
2438 14631
2439 545
2440 19204
2441 449
2442 398752
2443 474
2444 15758
2445 609
2446 13491
2447 447
2448 306212
2449 449
2450 24990
2451 555
2452 13551
2453 465
2454 248097
2455 491
2456 13687
2457 597
2458 13558
2459 454
2460 1223857
2461 456
2462 13804
2463 544
2464 19568
2465 484
2466 247939
2467 460
2468 13872
2469 552
2470 23957
2471 466
2472 252138
2473 463
2474 14014
2475 637
2476 13701
2477 459
2478 574853
2479 462
2480 20680
2481 546
2482 15420
2483 465
2484 297223
2485 520
2486 15853
2487 552
2488 13922
2489 460
2490 1187571
2491 463
2492 17933
2493 550
2494 15056
2495 491
2496 342824
2497 477
2498 14000
2499 600
2500 19773
