100 208
110 331
120 2174
130 355
140 474
150 2885
160 423
170 515
180 4433
190 505
200 630
210 11975
220 690
230 716
240 7365
250 734
260 862
270 9219
280 1160
290 954
300 11815
310 1029
320 1077
330 19861
340 1185
350 1519
360 16306
370 1257
380 1342
390 28319
400 1369
410 1454
420 51677
430 1487
440 1836
450 27108
460 1690
470 1800
480 31064
490 2355
500 1918
510 44603
520 2203
530 2130
540 34776
550 2515
560 2794
570 47594
580 2316
590 2342
600 43226
610 2606
620 2708
630 124034
640 2625
650 3092
660 90298
670 2864
680 3317
690 75427
700 3881
710 3247
720 66507
730 3323
740 3359
750 73343
760 3741
770 5547
780 120015
790 3733
800 3702
810 83315
820 3723
830 3911
840 245196
850 4314
860 4255
870 118865
880 4830
890 4346
900 108248
910 6312
920 4757
930 133533
940 4764
950 5018
960 122290
970 4835
980 6325
990 212657
1000 5135